1 0 0 0 0 0 0 0 0 0 0 0 0 0 0 0
0 1 0 0 0 0 0 0 0 0 0 0 0 0 0 0
-0.5 0 1.5 0 0 0 0 0 0 0 0 0 0 0 0 0
0 -1.5 0 2.5 0 0 0 0 0 0 0 0 0 0 0 0
0.375 0 -3.75 0 4.375 0 0 0 0 0 0 0 0 0 0 0
0 1.875 0 -8.75 0 7.875 0 0 0 0 0 0 0 0 0 0
-0.3125 0 6.5625 0 -19.6875 0 14.4375 0 0 0 0 0 0 0 0 0
0 -2.1875 0 19.6875 0 -43.3125 0 26.8125 0 0 0 0 0 0 0 0
0.2734375 0 -9.84375 0 54.140625 0 -93.84375 0 50.2734375 0 0 0 0 0 0 0
0 2.4609375 0 -36.09375 0 140.765625 0 -201.09375 0 94.9609375 0 0 0 0 0 0
-0.24609375 0 13.53515625 0 -117.3046875 0 351.9140625 0 -427.32421875 0 180.42578125 0 0 0 0 0
0 -2.70703125 0 58.65234375 0 -351.9140625 0 854.6484375 0 -902.12890625 0 344.44921875 0 0 0 0
0.2255859375 0 -17.595703125 0 219.9462890625 0 -997.08984375 0 2029.7900390625 0 -1894.470703125 0 660.1943359375 0 0 0
0 2.9326171875 0 -87.978515625 0 747.8173828125 0 -2706.38671875 0 4736.1767578125 0 -3961.166015625 0 1269.6044921875 0 0
-0.20947265625 0 21.99462890625 0 -373.90869140625 0 2368.08837890625 0 -7104.26513671875 0 10893.2065429688 0 -8252.42919921875 0 2448.52294921875 0
0 -3.14208984375 0 124.63623046875 0 -1420.85302734375 0 7104.26513671875 0 -18155.3442382812 0 24757.2875976562 0 -17139.6606445312 0 4733.81103515625
